from cmath import inf
import numpy
import math

from sqlalchemy import false, true
'''
def _evaluates(self, x, out, *args, **kwargs):
        x=2
        z=2
        u='strss'

        out["F"] = [x,z,u]
        print(out)

_evaluates()
#print(_evaluates.out["F"])

'''

'''
from cmath import inf


def test_arguments(n=None,z=None,x=1,y=3):
        return n+z+x+y


test_arguments()

'''




A = [[0.9824132490111909, 0.9705773927986506, 0.5847037322709645, 0.028807130507576717, 0.1588505855877283, 0.13397252704913387, 0.3969437912168317, 0.03568316580583106, 0.49475982248291595, 0.8981962445391883, 0.3182406675442384, 0.5489821840124055], [0.9965569925394552, 0.43792360864318464, 0.8602842680045749, 0.5927886523361863, 0.8028375072261624, 0.8188851639774757, 0.674964847134956, 0.4651117201630157, 0.6858614854745947, 0.6618463200523511, 0.24786289362175043, 0.7678378139439905], [0.9965569925394552, 0.04455638245043303, 0.860161037286291, 0.603190610968185, 0.3816059859191179, 0.28361821790671515, 0.674964847134956, 0.45683115105830563, 0.6858614854745947, 0.6618463200523511, 0.1329781447122128, 0.7678378139439905], [0.9926880657637538, 0.48505535080507134, 0.4586402838083844, 0.4365108145371187, 0.5011121848422556, 0.4470874692740242, 0.726215200566661, 0.8979415356273188, 0.6978703473377672, 0.42331060266774045, 0.6495291182373754, 0.9095405975236686], [0.17509290094513885, 0.8248710677275589, 0.8139728308949561, 0.342670302245535, 0.559504265319507, 0.3468978599848048, 0.19420021560208028, 0.44093577011548213, 0.1525588709216097, 0.93220312044143, 0.7228263148995533, 0.6295124276440554], [0.42348679488615915, 0.664073323782122, 0.5555198729672033, 0.265889827888687, 0.3643255465919335, 0.6272667630222782, 0.6271288917045859, 0.2095937611451607, 0.6097729907070338, 0.8749287603932815, 0.8713374496408887, 0.6522633075694795], [0.2636220634323303, 0.44241129625611897, 0.3415258701814652, 0.726546393909013, 0.4825965308099226, 0.44676557819006135, 0.5351305088265346, 0.47991137269101614, 0.3056708143178566, 0.6951737903093234, 0.5055718528435057, 0.40581612731788796], [0.5714025946899135, 0.4288890546751146, 0.5780913011344704, 0.20609823213950174, 0.81332125135732, 0.8235888725334455, 0.6534725339011758, 0.16022955651881965, 0.5206693596399246, 0.32777281162209315, 0.24999667668640035, 0.9528169091459117], [0.5714025946899135, 0.03555867482947339, 0.5779680704149108, 0.21650019077228858, 0.39208973003677405, 0.2883219257366326, 0.6534725339011758, 0.1519489874174964, 0.5206693596399246, 0.32777281162209315, 0.13511192777686273, 0.9528169091459117], [0.41408083174830124, 0.15618232333185933, 0.5709608615466819, 0.37519248171272745, 0.6039852165356292, 0.11948250433077712, 0.45573485868103825, 0.09691757199006384, 0.6288005471826756, 0.8073296616652764, 0.7792331499469827, 0.43410753810027086], [0.07017267325726095, 0.42351808992862205, 0.08902228492414066, 0.05524979791048534, 0.2546980854885439, 0.45687376278766356, 0.7593995049120491, 0.6288415398407439, 0.28248460193485714, 0.6950690619200575, 0.5065069608344968, 0.5075296156707131], [0.43603095762412225, 0.06499417612685054, 0.5845462257019302, 0.8440678976619022, 0.1564189183874064, 0.2242989686860415, 0.41287020771484073, 0.03692486905862902, 0.4966034986165482, 0.8179828644296319, 0.6578909387591091, 0.5334837356527721], [0.36046181496956364, 0.1855770297544811, 0.9473848480754395, 0.04276934560990486, 0.5980596301214961, 0.428768925948003, 0.3453378882969943, 0.19493098178256762, 0.16280938810391388, 0.40562736845647096, 0.75234582247811, 0.4682266931317387], [0.15362734153599478, 0.2373424569000443, 0.6191120001144675, 0.6870199456481508, 0.6426002227117794, 0.5885285628983279, 0.8294231938453709, 0.4789429532356768, 0.8075888612596384, 0.9623558468839565, 0.43535668292056506, 0.8588455784808138], [0.2823220462034699, 0.186365561491604, 0.16853039195927333, 0.09545322921951538, 0.790572738775103, 0.9357357476153892, 0.21987633831820674, 0.744912691964874, 0.9511437223975017, 0.19172722525544061, 0.5718944518557192, 0.4393126809218142], [0.5700125055668297, 0.9746576540880918, 0.7935980998050621, 0.3569911034281786, 0.37611623823833595, 0.3956609894473263, 0.050999774183191265, 0.19662902874942365, 0.9498307423540859, 0.04954204395411921, 0.7582401521159791, 0.6355411953205379], [0.41408083174830124, 0.24548187614075512, 0.274703391965577, 0.6172527709741663, 0.17846041072072527, 0.11948250433077712, 0.45573485868103825, 0.1649378065796322, 0.648724831216227, 0.821055674361497, 0.7775113893753993, 0.48013339022434753], [0.15362734153599478, 0.2373424569000443, 0.6362979784273214, 0.9143194542921942, 0.6426002227117794, 0.5890613736326236, 0.8294231938453709, 0.4789429532356768, 0.6681931709928219, 0.9623558468839565, 0.43535668292056506, 0.854587326525067], [0.07597832082765388, 0.42275248029520407, 0.08902228492414066, 0.05524979791048534, 0.2546980854885439, 0.45687376278766356, 0.7611239266107169, 0.6288415398407439, 0.6664524882498088, 0.7197429609339976, 0.9063290647901336, 0.5069703699987244], [0.42348679488615915, 0.6694174921719754, 0.5555198729672033, 0.265889827888687, 0.21258986345965086, 0.6232381243609122, 0.6271288917045859, 0.20403425510411388, 0.6097729907070338, 0.8227068738222797, 0.8713374496408887, 0.6900424394088227], [0.17509290094513885, 0.8241687672106883, 0.8223043071102077, 0.343347824779511, 0.5587765910686205, 0.4583951040226183, 0.1943362585979126, 0.4328975725259948, 0.1525588709216097, 0.93220312044143, 0.1874633777145578, 0.6338814511159659], [0.2636220634323303, 0.441645686622701, 0.3415258701814652, 0.726546393909013, 0.4825965308099226, 0.44676557819006135, 0.47700809379806863, 0.47991137269101614, 0.6896387006328037, 0.7198476893232635, 0.8010969737326715, 0.40525688164589924], [0.2823220462034699, 0.186365561491604, 0.16853039195927333, 0.05784868020559797, 0.790572738775103, 0.8456420271050931, 0.8356751467767717, 0.02116650450647506, 0.9074007937990473, 0.19172722525544061, 0.5718944518557192, 0.6165805029634143], [0.24402174823291328, 0.5253538488765902, 0.9105338176465975, 0.5201096943214129, 0.6021048687389493, 0.06277362381152096, 0.48938611652176434, 0.46144551968860487, 0.4011298800689024, 0.4204353581465221, 0.5543475256681507, 0.5386670484231432]]
B = [[0.9824132490111909, 0.9705773927986506, 0.5847037322709645, 0.028807130507576717, 0.1588505855877283, 0.13397252704913387, 0.3969437912168317, 0.03568316580583106, 0.49475982248291595, 0.8981962445391883, 0.3182406675442384, 0.5489821840124055], [0.9965569925394552, 0.43792360864318464, 0.8602842680045749, 0.5927886523361863, 0.8028375072261624, 0.8188851639774757, 0.674964847134956, 0.4651117201630157, 0.6858614854745947, 0.6618463200523511, 0.24786289362175043, 0.7678378139439905], [0.9965569925394552, 0.04455638245043303, 0.860161037286291, 0.603190610968185, 0.3816059859191179, 0.28361821790671515, 0.674964847134956, 0.45683115105830563, 0.6858614854745947, 0.6618463200523511, 0.1329781447122128, 0.7678378139439905], [0.9926880657637538, 0.48505535080507134, 0.4586402838083844, 0.4365108145371187, 0.5011121848422556, 0.4470874692740242, 0.726215200566661, 0.8979415356273188, 0.6978703473377672, 0.42331060266774045, 0.6495291182373754, 0.9095405975236686], [0.17509290094513885, 0.8248710677275589, 0.8139728308949561, 0.342670302245535, 0.559504265319507, 0.3468978599848048, 0.19420021560208028, 0.44093577011548213, 0.1525588709216097, 0.93220312044143, 0.7228263148995533, 0.6295124276440554], [0.42348679488615915, 0.664073323782122, 0.5555198729672033, 0.265889827888687, 0.3643255465919335, 0.6272667630222782, 0.6271288917045859, 0.2095937611451607, 0.6097729907070338, 0.8749287603932815, 0.8713374496408887, 0.6522633075694795], [0.2636220634323303, 0.44241129625611897, 0.3415258701814652, 0.726546393909013, 0.4825965308099226, 0.44676557819006135, 0.5351305088265346, 0.47991137269101614, 0.3056708143178566, 0.6951737903093234, 0.5055718528435057, 0.40581612731788796], [0.5714025946899135, 0.4288890546751146, 0.5780913011344704, 0.20609823213950174, 0.81332125135732, 0.8235888725334455, 0.6534725339011758, 0.16022955651881965, 0.5206693596399246, 0.32777281162209315, 0.24999667668640035, 0.9528169091459117], [0.5714025946899135, 0.03555867482947339, 0.5779680704149108, 0.21650019077228858, 0.39208973003677405, 0.2883219257366326, 0.6534725339011758, 0.1519489874174964, 0.5206693596399246, 0.32777281162209315, 0.13511192777686273, 0.9528169091459117], [0.41408083174830124, 0.15618232333185933, 0.5709608615466819, 0.37519248171272745, 0.6039852165356292, 0.11948250433077712, 0.45573485868103825, 0.09691757199006384, 0.6288005471826756, 0.8073296616652764, 0.7792331499469827, 0.43410753810027086], [0.07017267325726095, 0.42351808992862205, 0.08902228492414066, 0.05524979791048534, 0.2546980854885439, 0.45687376278766356, 0.7593995049120491, 0.6288415398407439, 0.28248460193485714, 0.6950690619200575, 0.5065069608344968, 0.5075296156707131], [0.43603095762412225, 0.06499417612685054, 0.5845462257019302, 0.8440678976619022, 0.1564189183874064, 0.2242989686860415, 0.41287020771484073, 0.03692486905862902, 0.4966034986165482, 0.8179828644296319, 0.6578909387591091, 0.5334837356527721], [0.36046181496956364, 0.1855770297544811, 0.9473848480754395, 0.04276934560990486, 0.5980596301214961, 0.428768925948003, 0.3453378882969943, 0.19493098178256762, 0.16280938810391388, 0.40562736845647096, 0.75234582247811, 0.4682266931317387], [0.15362734153599478, 0.2373424569000443, 0.6191120001144675, 0.6870199456481508, 0.6426002227117794, 0.5885285628983279, 0.8294231938453709, 0.4789429532356768, 0.8075888612596384, 0.9623558468839565, 0.43535668292056506, 0.8588455784808138], [0.2823220462034699, 0.186365561491604, 0.16853039195927333, 0.09545322921951538, 0.790572738775103, 0.9357357476153892, 0.21987633831820674, 0.744912691964874, 0.9511437223975017, 0.19172722525544061, 0.5718944518557192, 0.4393126809218142], [0.5700125055668297, 0.9746576540880918, 0.7935980998050621, 0.3569911034281786, 0.37611623823833595, 0.3956609894473263, 0.050999774183191265, 0.19662902874942365, 0.9498307423540859, 0.04954204395411921, 0.7582401521159791, 0.6355411953205379], [0.41408083174830124, 0.24548187614075512, 0.274703391965577, 0.6172527709741663, 0.17846041072072527, 0.11948250433077712, 0.45573485868103825, 0.1649378065796322, 0.648724831216227, 0.821055674361497, 0.7775113893753993, 0.48013339022434753], [0.07597832082765388, 0.42275248029520407, 0.08902228492414066, 0.05524979791048534, 0.2546980854885439, 0.45687376278766356, 0.7611239266107169, 0.6288415398407439, 0.6664524882498088, 0.7197429609339976, 0.9063290647901336, 0.5069703699987244], [0.42348679488615915, 0.6694174921719754, 0.5555198729672033, 0.265889827888687, 0.21258986345965086, 0.6232381243609122, 0.6271288917045859, 0.20403425510411388, 0.6097729907070338, 0.8227068738222797, 0.8713374496408887, 0.6900424394088227], [0.24402174823291328, 0.5253538488765902, 0.9105338176465975, 0.5201096943214129, 0.6021048687389493, 0.06277362381152096, 0.48938611652176434, 0.46144551968860487, 0.4011298800689024, 0.4204353581465221, 0.5543475256681507, 0.5386670484231432], [0.17509290094513885, 0.8241687672106883, 0.8223043071102077, 0.343347824779511, 0.5587765910686205, 0.4583951040226183, 0.1943362585979126, 0.4328975725259948, 0.1525588709216097, 0.93220312044143, 0.1874633777145578, 0.6338814511159659], [0.15362734153599478, 0.2373424569000443, 0.6362979784273214, 0.9143194542921942, 0.6426002227117794, 0.5890613736326236, 0.8294231938453709, 0.4789429532356768, 0.6681931709928219, 0.9623558468839565, 0.43535668292056506, 0.854587326525067], [0.2823220462034699, 0.186365561491604, 0.16853039195927333, 0.05784868020559797, 0.790572738775103, 0.8456420271050931, 0.8356751467767717, 0.02116650450647506, 0.9074007937990473, 0.19172722525544061, 0.5718944518557192, 0.6165805029634143], [0.2636220634323303, 0.441645686622701, 0.3415258701814652, 0.726546393909013, 0.4825965308099226, 0.44676557819006135, 0.47700809379806863, 0.47991137269101614, 0.6896387006328037, 0.7198476893232635, 0.8010969737326715, 0.40525688164589924]]
C = [[0.5714025946899135, 0.03555867482947339, 0.5779680704149108, 0.21650019077228858, 0.39208973003677405, 0.2883219257366326, 0.6534725339011758, 0.1519489874174964, 0.5206693596399246, 0.32777281162209315, 0.13511192777686273, 0.9528169091459117], [0.9965569925394552, 0.43792360864318464, 0.8602842680045749, 0.5927886523361863, 0.8028375072261624, 0.8188851639774757, 0.674964847134956, 0.4651117201630157, 0.6858614854745947, 0.6618463200523511, 0.24786289362175043, 0.7678378139439905], [0.9824132490111909, 0.9705773927986506, 0.5847037322709645, 0.028807130507576717, 0.1588505855877283, 0.13397252704913387, 0.3969437912168317, 0.03568316580583106, 0.49475982248291595, 0.8981962445391883, 0.3182406675442384, 0.5489821840124055], [0.43603095762412225, 0.06270418154482954, 0.6131693139776746, 0.8610519379475363, 0.00252611613921018, 0.2242989686860415, 0.9568309434566632, 0.30410407868371986, 0.36798927779405866, 0.8179828644296319, 0.6540140761713213, 0.5334837356527721], [0.8551257407736, 0.23898768778029733, 0.27097800728201904, 0.6162351070095278, 0.17577974133766205, 0.11291570189443623, 0.8032843390398252, 0.16462606777392103, 0.18628803013560877, 0.8211757647209762, 0.9459721631757814, 0.47925735467556246], [0.41408083174830124, 0.15618232333185933, 0.5709608615466819, 0.37519248171272745, 0.6039852165356292, 0.11948250433077712, 0.45573485868103825, 0.09691757199006384, 0.6288005471826756, 0.8073296616652764, 0.7792331499469827, 0.43410753810027086], [0.3449577497987086, 0.4347105489944344, 0.005008574909348362, 0.6280343803165833, 0.33165722263549546, 0.31942323776053394, 0.07992503242021254, 0.4480516691088456, 0.6073624587186002, 0.390586941842884, 0.8695455453974028, 0.6733532167485129], [0.24402174823291328, 0.5253538488765902, 0.9105338176465975, 0.5201096943214129, 0.6021048687389493, 0.06277362381152096, 0.48938611652176434, 0.46144551968860487, 0.4011298800689024, 0.4204353581465221, 0.5543475256681507, 0.5386670484231432], [0.9935291880081489, 0.16579644053220766, 0.4587564094206003, 0.978506505555174, 0.4151736932178327, 0.4487320051005718, 0.002830426682370324, 0.5354184513162129, 0.05057294182209637, 0.4255253016795223, 0.6473566940180987, 0.49448737360164563], [0.48595446744732, 0.48505535080507134, 0.4412306918413716, 0.42590843056499866, 0.5011121848422556, 0.03371174186512221, 0.7608382924687062, 0.8979415356273188, 0.6978703473377672, 0.09052871183602101, 0.08881241467950346, 0.903314290244294], [0.15362734153599478, 0.2373424569000443, 0.6362979784273214, 0.9143194542921942, 0.6426002227117794, 0.5890613736326236, 0.8294231938453709, 0.4789429532356768, 0.6681931709928219, 0.9623558468839565, 0.43535668292056506, 0.854587326525067], [0.7184547068241235, 0.8886814943629995, 0.04623588619564345, 0.68579913612904, 0.7478816554692559, 0.9618358927504969, 0.98131935906942, 0.28548573078687023, 0.8093970069134968, 0.14127353102702234, 0.5951327636887873, 0.9238379276514181], [0.19197332103443343, 0.3498686863671552, 0.07974567705000712, 0.19465631564517616, 0.3594383495510853, 0.10002986471654485, 0.9996980377175202, 0.8930916818908516, 0.46375997262576707, 0.8725121854787717, 0.695236793364116, 0.522454609889347], [0.42348679488615915, 0.6694174921719754, 0.5555198729672033, 0.265889827888687, 0.21258986345965086, 0.6232381243609122, 0.6271288917045859, 0.20403425510411388, 0.6097729907070338, 0.8227068738222797, 0.8713374496408887, 0.6900424394088227], [0.07597832082765388, 0.42275248029520407, 0.08902228492414066, 0.05524979791048534, 0.2546980854885439, 0.45687376278766356, 0.7611239266107169, 0.6288415398407439, 0.6664524882498088, 0.7197429609339976, 0.9063290647901336, 0.5069703699987244], [0.2636220634323303, 0.44241129625611897, 0.3415258701814652, 0.726546393909013, 0.4825965308099226, 0.44676557819006135, 0.5351305088265346, 0.47991137269101614, 0.3056708143178566, 0.6951737903093234, 0.5055718528435057, 0.40581612731788796], [0.7935398606099887, 0.9647259459117272, 0.9923494116644874, 0.7263435183176259, 0.06548864838133828, 0.9373802483641177, 0.22065815424091012, 0.74166286725786, 0.26014372908954625, 0.3220972200771334, 0.7404421224932046, 0.4330384660665004], [0.2823220462034699, 0.186365561491604, 0.16853039195927333, 0.05784868020559797, 0.790572738775103, 0.8456420271050931, 0.8356751467767717, 0.02116650450647506, 0.9074007937990473, 0.19172722525544061, 0.5718944518557192, 0.6165805029634143], [0.9748609274965017, 0.08894792762274445, 0.01604811394571537, 0.2013272742878226, 0.8479840747120673, 0.601323340992033, 0.5228140664649037, 0.15038769131878094, 0.7640417052117675, 0.7732664098632703, 0.326698242651259, 0.04745467560902512], [0.692282785313259, 0.8309490908193423, 0.5651792240587357, 0.8597363526759456, 0.39702823999942216, 0.5740765721188764, 0.1358047775888811, 0.8171616609324873, 0.6938537130091482, 0.9548820795552985, 0.9998379659971401, 0.08699932678185124], [0.9209823275856519, 0.5104159535891564, 0.3576871445971085, 0.39809218775050453, 0.5771617822068154, 0.4591941299488679, 0.1456450172199722, 0.8206488736977543, 0.7573162940278974, 0.6098549399645308, 0.18719609380570867, 0.9895657103072224], [0.17509290094513885, 0.8248710677275589, 0.8139728308949561, 0.342670302245535, 0.559504265319507, 0.3468978599848048, 0.19420021560208028, 0.44093577011548213, 0.1525588709216097, 0.93220312044143, 0.7228263148995533, 0.6295124276440554], [0.5700125055668297, 0.9746576540880918, 0.7935980998050621, 0.3569911034281786, 0.37611623823833595, 0.3956609894473263, 0.050999774183191265, 0.19662902874942365, 0.9498307423540859, 0.04954204395411921, 0.7582401521159791, 0.6355411953205379], [0.36046181496956364, 0.1855770297544811, 0.9473848480754395, 0.05355396664841389, 0.5980596301214961, 0.046180638880003566, 0.3461761219522714, 0.3092753957988184, 0.16280938810391388, 0.40562736845647096, 0.17084891487618165, 0.4688716100106167]]
C = [(1.0308623576595641, 0.057639220233057946, 1.2945712067331803), (0.0065169217703130765, 0.005355560433516385, 1.5596688093540099), (0.0024243895107067784, 0.052419393642640914, 1.899065730734838), (1.43130791697126, 0.14143505315684693, 1.174821222033674), (0.4043178329271543, 0.1593375177807289, 1.8765993095319362), (1.1842391288122789, 0.29650267210881576, 0.9288937943223698), (1.1243481854747226, 0.9145136145109035, 0.8724234074599089), (0.876228263042789, 0.9489560193386986, 0.5208527925550744), (0.016875147037794726, 0.0044969674407533, 1.7181122602405903), (1.0409836408870519, 0.9932218921090586, 1.3766701466977735), (1.5368372430306814, 0.6010679662265976, 0.4061355300292881), (0.16424206706749586, 0.9296918821098661, 1.9937135189601536), (1.655003820604737, 1.0137181384640666, 0.6036561663071222), (0.6050484746909559, 1.0585112474880038, 0.9564756746431481), (1.3719689332583123, 1.073741100120965, 0.20891682298813732), (0.8198801848579942, 0.6835110524801092, 0.46914325097578746), (0.03461712829346101, 0.6241242037196485, 1.8593931888864532), (1.8429707366512547, 0.5554746704477352, 0.9143615218343042), (0.07649586919819241, 0.010758027583279305, 1.9552213218898762), (0.24977747653087568, 0.9184099809514741, 1.813273365658866), (0.14485386234946518, 0.14967314944938512, 1.6694978525601936), (0.4238382969000796, 1.5016530602457618, 0.4403017772177294), (0.04769531883568186, 1.197511184392062, 1.4959836177426955), (1.5414844314849319, 0.46252417007841684, 1.0229817993134922)]
D = [(1.0308623576595641, 0.057639220233057946, 1.2945712067331803), (0.0065169217703130765, 0.005355560433516385, 1.5596688093540099), (0.0024243895107067784, 0.052419393642640914, 1.899065730734838), (1.43130791697126, 0.14143505315684693, 1.174821222033674), (0.4043178329271543, 0.1593375177807289, 1.8765993095319362), (1.1842391288122789, 0.29650267210881576, 0.9288937943223698), (1.1243481854747226, 0.9145136145109035, 0.8724234074599089), (0.876228263042789, 0.9489560193386986, 0.5208527925550744), (0.016875147037794726, 0.0044969674407533, 1.7181122602405903), (1.0409836408870519, 0.9932218921090586, 1.3766701466977735), (1.5368372430306814, 0.6010679662265976, 0.4061355300292881), (0.16424206706749586, 0.9296918821098661, 1.9937135189601536), (1.655003820604737, 1.0137181384640666, 0.6036561663071222), (0.6050484746909559, 1.0585112474880038, 0.9564756746431481), (1.3719689332583123, 1.073741100120965, 0.20891682298813732), (0.8198801848579942, 0.6835110524801092, 0.46914325097578746), (0.03461712829346101, 0.6241242037196485, 1.8593931888864532), (1.8429707366512547, 0.5554746704477352, 0.9143615218343042), (0.07649586919819241, 0.010758027583279305, 1.9552213218898762), (0.24977747653087568, 0.9184099809514741, 1.813273365658866), (0.14485386234946518, 0.14967314944938512, 1.6694978525601936), (0.4238382969000796, 1.5016530602457618, 0.4403017772177294), (0.04769531883568186, 1.197511184392062, 1.4959836177426955), (1.5414844314849319, 0.46252417007841684, 1.0229817993134922)]

if A==B:
     print("true, A==B")

if C==D:
     print("true, C==D")